-0.74766088
-0.6473976
-0.51447126
-0.34679635
-0.14162819
-0.04405275
0.10523543
0.32037327
0.39446886
0.72507122
0.73480294
1.12581792
1.18795235
1.26464487
1.57073772
1.72855467
2.07553088
2.36385464
2.64399746
3.09331682
3.25715732
3.93617241
3.95619553
4.68907952
4.97953069
5.49831185
6.21528154
6.38718917
7.36875742
7.73761921
8.40698847
9.5197769
9.59915627
10.74231184
11.99644338
12.00735053
13.33625035
14.71849109
15.07602373
16.13930868
17.57526561
18.99104072
19.22609059
20.3663567
21.64520441
22.75474922
23.69505042
24.27785146
24.49100651
24.10586986
23.12936374
21.40845534
18.79003568
15.10083999
10.25008636
4.01543033
-3.73688059
-13.07635547
