3.768007247
3.93500846
4.11104861
4.298824807
4.500492363
4.58945517
4.718414987
4.89487049
4.95319693
5.198275587
5.205320813
5.47794729
5.521202667
5.57261028
5.77360669
5.87279147
6.088256037
6.261501047
6.426941627
6.688700307
6.781245957
7.16759818
7.178516133
7.571099167
7.735689493
8.004966757
8.369041893
8.455065897
8.934649293
9.113196803
9.43183257
9.950980097
9.987543707
10.4665676
11.01407365
11.01877572
11.58514684
12.15986546
12.30587611
12.73452907
13.30133495
13.85820417
13.94912207
14.38999961
14.86045363
15.20640707
15.57215924
15.74777265
15.73431792
15.54962096
15.03700862
14.16372279
12.95336341
11.40524168
9.327710583
6.649977607
3.422526257
-0.267781417
