0.46342898
0.48799543
0.51375275
0.54091946
0.56946614
0.58178428
0.59921574
0.62244901
0.62993061
0.66047834
0.66132613
0.69310943
0.69788233
0.70356825
0.72498554
0.7352846
0.75664453
0.77284774
0.78777698
0.81053506
0.81809253
0.84717791
0.84796573
0.87468318
0.88454184
0.9002022
0.91918001
0.92330168
0.94357731
0.9501353
0.96046543
0.97352918
0.97427635
0.98229578
0.98629913
0.98631189
0.98515839
0.97846599
0.97585044
0.9659315
0.94733466
0.92255559
0.91779279
0.89159246
0.85457922
0.81180294
0.7637208
0.71098883
0.65442843
0.59510897
0.53431602
0.47357142
0.41464077
0.35953858
0.3105308
0.27013481
0.24111672
0.22648608
